SP_la, SP_lo, SP_time, SP_az, SP_gcarc, S_la, S_lo, S_time, S_az, S_gcarc 
48.2976989746 -95.8619003296 14.85 42.7237351489 102.574869367 38.1447792053 -122.880180359 18.55 41.4649648077 80.576473602
41.4082984924 -98.1501998901 17.15 48.6053510894 98.4825230393 34.8884811401 -119.813621521 9.25 45.6077476316 80.5137306837
47.1355018616 -97.0164031982 14.65 43.5454046217 101.42870271 34.1714096069 -118.18522644 18.05 46.9999850171 81.1735798293
48.470199585 -104.195899963 15.45 40.3071562415 97.5568572972 35.4077301025 -120.545562744 16.85 44.8205344984 80.34858898
43.7336997986 -96.6140975952 17.85 46.873057548 100.425362833 36.7640304565 -121.447219849 18.95 43.2802834389 80.6016649203
43.7336997986 -96.6140975952 17.85 46.873057548 100.425362833 34.4407615662 -119.714920044 26.05 46.0204125053 80.3111753216
45.8398017883 -96.2929000854 14.75 44.9643603973 101.417290117 33.9954299927 -119.635101318 17.85 46.4225490369 80.098704376
48.2976989746 -95.8619003296 14.05 42.7237351489 102.574869367 34.2388305664 -117.658531189 18.25 47.2018290797 81.567767579
41.4082984924 -98.1501998901 16.65 48.6053510894 98.4825230393 34.3334083557 -118.025848389 18.55 46.9450683151 81.3750980359
47.1355018616 -97.0164031982 22.75 43.5454046217 101.42870271 34.253528595 -118.333831787 17.85 46.859636393 81.1215904705
43.7336997986 -96.6140975952 17.25 46.873057548 100.425362833 33.6500091553 -117.009468079 18.45 48.0025057689 81.6704903645
43.7336997986 -96.6140975952 17.15 46.873057548 100.425362833 34.8810997009 -117.993881226 16.65 46.5112796012 81.7152140844
45.8398017883 -96.2929000854 22.95 44.9643603973 101.417290117 33.712638855 -118.293807983 18.75 47.3231166733 80.8329670506
45.8618011475 -93.5241012573 15.25 45.6384764726 103.236257157 33.4947013855 -116.602203369 10.35 48.3276149273 81.8613144521
42.6228981018 -98.754699707 30.05 47.2961207357 98.552484315 32.891998291 -116.422302246 19.15 48.915143926 81.6444047859
42.6472015381 -92.7708969116 14.65 48.9355353955 102.662240942 34.8884811401 -119.813621521 9.25 45.6077476316 80.5137306837
41.9665985107 -96.3761978149 17.55 48.6051933919 99.9230487313 33.5999908447 -117.195426941 18.45 47.9538008402 81.5147519017
42.0628013611 -91.2218017578 30.05 49.8944206802 103.550929963 34.2236213684 -118.058319092 18.05 47.0193306353 81.2893998115
47.8480987549 -99.602897644 14.85 42.1901069186 100.082146352 34.1714096069 -118.18522644 18.05 46.9999850171 81.1735798293
40.7370986938 -97.4511032104 16.75 49.4406479258 98.704249771 33.7434616089 -118.404121399 19.05 47.2432709499 80.7763621501
40.7930984497 -93.2350006104 16.75 50.5954302804 101.698266168 34.4407615662 -119.714920044 26.05 46.0204125053 80.3111753216
40.707698822 -90.8552017212 15.55 51.3056622814 103.370214547 33.9954299927 -119.635101318 17.85 46.4225490369 80.098704376
39.6248016357 -93.5320968628 17.25 51.6291970114 101.073528573 33.457698822 -117.170799255 9.35 48.0834498403 81.4501301281
36.4137001038 -89.6996994019 30.05 55.7780201686 102.813660824 27.3198051453 -112.241012573 18.25 55.6275792368 81.6665368397
41.9068984985 -93.2153015137 30.05 49.5325469773 102.099209096 35.8408889771 -119.084686279 16.85 45.196338291 81.5593330296
48.2976989746 -95.8619003296 14.85 42.7237351489 102.574869367 34.3334083557 -118.025848389 18.55 46.9450683151 81.3750980359
48.3602981567 -93.7260971069 15.55 43.1623740092 103.935257006 33.4018974304 -118.415023804 19.55 47.5182835935 80.5696585594
47.1355018616 -97.0164031982 14.65 43.5454046217 101.42870271 34.253528595 -118.333831787 17.85 46.859636393 81.1215904705
46.6058006287 -91.5541992188 16.65 45.36778148 104.769759992 33.6500091553 -117.009468079 18.45 48.0025057689 81.6704903645
43.7336997986 -96.6140975952 17.85 46.873057548 100.425362833 34.8810997009 -117.993881226 16.65 46.5112796012 81.7152140844
43.7336997986 -96.6140975952 17.85 46.873057548 100.425362833 33.712638855 -118.293807983 18.75 47.3231166733 80.8329670506
45.8398017883 -96.2929000854 14.75 44.9643603973 101.417290117 33.4947013855 -116.602203369 10.35 48.3276149273 81.8613144521
45.8618011475 -93.5241012573 22.75 45.6384764726 103.236257157 32.6501197815 -116.109481812 19.15 49.2672892634 81.725764263
44.0149002075 -93.4002990723 16.75 47.4552275886 102.69489618 32.891998291 -116.422302246 19.15 48.915143926 81.6444047859
43.8916015625 -90.6176986694 17.85 48.2512014093 104.55333844 34.8884811401 -119.813621521 9.25 45.6077476316 80.5137306837
42.9141998291 -90.2481002808 30.05 49.2987330744 104.50442491 33.5999908447 -117.195426941 18.45 47.9538008402 81.5147519017
42.9141998291 -90.2481002808 17.85 49.2987330744 104.50442491 34.2236213684 -118.058319092 18.05 47.0193306353 81.2893998115
42.6472015381 -92.7708969116 23.05 48.9355353955 102.662240942 34.6144981384 -118.723503113 17.75 46.3724273625 81.0726036538
41.9665985107 -96.3761978149 16.95 48.6051933919 99.9230487313 34.1714096069 -118.18522644 18.05 46.9999850171 81.1735798293
42.0628013611 -91.2218017578 -29.95 49.8944206802 103.550929963 34.1714096069 -118.18522644 18.05 46.9999850171 81.1735798293
47.8480987549 -99.602897644 22.75 42.1901069186 100.082146352 34.8753318787 -116.996841431 16.35 46.9960158587 82.3802166317
40.8611984253 -95.6424026489 17.55 49.8570765093 100.020096268 33.9954299927 -119.635101318 17.85 46.4225490369 80.098704376
40.7930984497 -93.2350006104 15.95 50.5954302804 101.698266168 33.5525894165 -117.661712646 18.75 47.7656748769 81.1693297062
40.707698822 -90.8552017212 22.95 51.3056622814 103.370214547 33.457698822 -117.170799255 9.35 48.0834498403 81.4501301281
39.6248016357 -93.5320968628 16.45 51.6291970114 101.073528573 27.3198051453 -112.241012573 18.25 55.6275792368 81.6665368397
39.529800415 -92.0483016968 17.15 52.1299750654 102.114611889 34.1064682007 -117.098220825 18.55 47.5821926591 81.8710971312
39.6408996582 -89.5213012695 16.95 52.6857340765 103.993955818 33.4948005676 -116.602203369 18.55 48.3275326076 81.8613707211
48.3602981567 -93.7260971069 14.75 43.1623740092 103.935257006 34.3334083557 -118.025848389 18.55 46.9450683151 81.3750980359
47.1355018616 -97.0164031982 22.75 43.5454046217 101.42870271 36.4398803711 -118.080162048 16.05 45.1946672415 82.5684744967
46.6058006287 -91.5541992188 15.75 45.36778148 104.769759992 34.253528595 -118.333831787 17.85 46.859636393 81.1215904705
43.7336997986 -96.6140975952 17.25 46.873057548 100.425362833 33.6500091553 -117.009468079 18.45 48.0025057689 81.6704903645
43.7336997986 -96.6140975952 17.15 46.873057548 100.425362833 34.8810997009 -117.993881226 16.65 46.5112796012 81.7152140844
47.9462013245 -91.495300293 16.65 44.0578590282 105.220246759 33.712638855 -118.293807983 18.75 47.3231166733 80.8329670506
47.9462013245 -91.495300293 16.65 44.0578590282 105.220246759 33.4947013855 -116.602203369 10.35 48.3276149273 81.8613144521
45.8398017883 -96.2929000854 22.95 44.9643603973 101.417290117 33.0514907837 -114.827056885 18.15 49.5400143288 82.8451311417
45.8618011475 -93.5241012573 15.25 45.6384764726 103.236257157 34.7845687866 -115.659942627 16.75 47.7022815072 83.2336092534
38.3813438416 -88.3896484375 16.95 54.2071025865 104.434063565 32.6501197815 -116.109481812 19.15 49.2672892634 81.725764263
45.2683982849 -90.2005996704 15.95 46.9879715646 105.259072258 35.6627807617 -118.474029541 17.85 45.6389439909 81.8543312526
40.5559005737 -89.2939987183 17.75 51.8458821437 104.447326507 33.714099884 -116.711898804 17.85 48.0928854203 81.9106701386
44.0149002075 -93.4002990723 15.85 47.4552275886 102.69489618 35.4795417786 -117.682121277 16.65 46.1709966028 82.2706611097
43.8916015625 -90.6176986694 17.05 48.2512014093 104.55333844 33.351600647 -116.561500549 18.55 48.4660032879 81.8081810887
42.9141998291 -90.2481002808 -29.95 49.2987330744 104.50442491 32.891998291 -116.422302246 19.15 48.915143926 81.6444047859
42.9141998291 -90.2481002808 17.15 49.2987330744 104.50442491 36.0579910278 -117.489013672 17.55 45.7887690634 82.7339427296
42.6472015381 -92.7708969116 14.65 48.9355353955 102.662240942 34.8884811401 -119.813621521 9.25 45.6077476316 80.5137306837
42.7043991089 -88.3320007324 18.05 49.9491176811 105.784276507 33.5999908447 -117.195426941 18.45 47.9538008402 81.5147519017
42.0628013611 -91.2218017578 30.05 49.8944206802 103.550929963 34.2236213684 -118.058319092 18.05 47.0193306353 81.2893998115
42.0040016174 -89.6669998169 17.85 50.3320461679 104.630149986 34.6144981384 -118.723503113 17.75 46.3724273625 81.0726036538
42.1781997681 -87.9119033813 18.05 50.5675845388 105.927863465 34.1714096069 -118.18522644 18.05 46.9999850171 81.1735798293
40.7930984497 -93.2350006104 16.75 50.5954302804 101.698266168 34.4407615662 -119.714920044 26.05 46.0204125053 80.3111753216
40.707698822 -90.8552017212 15.55 51.3056622814 103.370214547 33.9954299927 -119.635101318 17.85 46.4225490369 80.098704376
40.1525993347 -88.4671020508 16.35 52.4450624088 104.923689166 33.5525894165 -117.661712646 18.75 47.7656748769 81.1693297062
39.6408996582 -89.5213012695 16.05 52.6857340765 103.993955818 33.5518989563 -116.61289978 18.65 48.2750041016 81.8864204717
39.6178016663 -87.206703186 17.35 53.2775522667 105.687597277 27.3198051453 -112.241012573 18.25 55.6275792368 81.6665368397
41.9068984985 -93.2153015137 -29.95 49.5325469773 102.099209096 33.573600769 -116.674697876 18.45 48.2272807164 81.8563149851
48.3602981567 -93.7260971069 15.55 43.1623740092 103.935257006 34.3334083557 -118.025848389 18.55 46.9450683151 81.3750980359
46.1002998352 -89.1369018555 17.35 46.388628241 106.215815715 36.4398803711 -118.080162048 16.05 45.1946672415 82.5684744967
47.1355018616 -97.0164031982 14.65 43.5454046217 101.42870271 34.6374511719 -115.381149292 16.95 47.9547399468 83.3414193969
47.0605010986 -88.5656967163 16.15 45.5411397231 106.863249907 34.253528595 -118.333831787 17.85 46.859636393 81.1215904705
46.6058006287 -91.5541992188 16.65 45.36778148 104.769759992 33.712638855 -118.293807983 18.75 47.3231166733 80.8329670506
47.9462013245 -91.495300293 15.85 44.0578590282 105.220246759 33.4947013855 -116.602203369 10.35 48.3276149273 81.8613144521
47.9462013245 -91.495300293 15.85 44.0578590282 105.220246759 36.4671897888 -116.863220215 16.65 45.7476564261 83.3826806141
45.8398017883 -96.2929000854 14.75 44.9643603973 101.417290117 33.0514907837 -114.827056885 18.15 49.5400143288 82.8451311417
45.8618011475 -93.5241012573 22.75 45.6384764726 103.236257157 34.7845687866 -115.659942627 16.75 47.7022815072 83.2336092534
45.7587013245 -88.1346969604 30.05 46.936766261 106.790472688 36.9960784912 -117.366210938 15.75 45.0779165897 83.3582630948
38.3813438416 -88.3896484375 16.25 54.2071025865 104.434063565 29.0197525024 -110.949302673 16.35 54.7599790524 83.5196418817
45.2683982849 -90.2005996704 22.85 46.9879715646 105.259072258 32.6501197815 -116.109481812 19.15 49.2672892634 81.725764263
44.4696998596 -87.770401001 18.45 48.306822039 106.680014904 34.1573791504 -115.145126343 17.65 48.4653254336 83.2360198155
43.8916015625 -90.6176986694 17.85 48.2512014093 104.55333844 33.714099884 -116.711898804 17.85 48.0928854203 81.9106701386
43.8908004761 -88.9133987427 18.05 48.6393929381 105.726763395 35.4795417786 -117.682121277 16.65 46.1709966028 82.2706611097
42.9141998291 -90.2481002808 30.05 49.2987330744 104.50442491 33.351600647 -116.561500549 18.55 48.4660032879 81.8081810887
42.6472015381 -92.7708969116 23.05 48.9355353955 102.662240942 32.891998291 -116.422302246 19.15 48.915143926 81.6444047859
42.7043991089 -88.3320007324 17.45 49.9491176811 105.784276507 36.0579910278 -117.489013672 17.55 45.7887690634 82.7339427296
42.0628013611 -91.2218017578 -29.95 49.8944206802 103.550929963 34.8884811401 -119.813621521 9.25 45.6077476316 80.5137306837
42.0040016174 -89.6669998169 17.05 50.3320461679 104.630149986 33.5999908447 -117.195426941 18.45 47.9538008402 81.5147519017
42.1781997681 -87.9119033813 17.25 50.5675845388 105.927863465 34.2236213684 -118.058319092 18.05 47.0193306353 81.2893998115
40.7930984497 -93.2350006104 15.95 50.5954302804 101.698266168 34.1714096069 -118.18522644 18.05 46.9999850171 81.1735798293
40.707698822 -90.8552017212 22.95 51.3056622814 103.370214547 34.1714096069 -118.18522644 18.05 46.9999850171 81.1735798293
40.1525993347 -88.4671020508 23.25 52.4450624088 104.923689166 34.3033599854 -114.141517639 14.55 48.8059661408 84.0096282645
39.6248016357 -93.5320968628 17.25 51.6291970114 101.073528573 34.8753318787 -116.996841431 16.35 46.9960158587 82.3802166317
40.3790016174 -87.0967025757 17.85 52.5463412655 105.991675504 34.1064682007 -117.098220825 18.55 47.5821926591 81.8710971312
45.2246017456 -92.8037033081 17.15 46.4304270792 103.501511353 35.4358406067 -115.92388916 16.75 47.0381434284 83.4213548009
48.3602981567 -93.7260971069 14.75 43.1623740092 103.935257006 34.3334083557 -118.025848389 18.55 46.9450683151 81.3750980359
46.1002998352 -89.1369018555 16.65 46.388628241 106.215815715 36.4398803711 -118.080162048 16.05 45.1946672415 82.5684744967
47.0605010986 -88.5656967163 22.55 45.5411397231 106.863249907 34.6374511719 -115.381149292 16.95 47.9547399468 83.3414193969
46.6058006287 -91.5541992188 15.75 45.36778148 104.769759992 34.8810997009 -117.993881226 16.65 46.5112796012 81.7152140844
46.3758010864 -86.9953994751 16.65 46.5370391495 107.719878137 33.712638855 -118.293807983 18.75 47.3231166733 80.8329670506
47.9462013245 -91.495300293 16.65 44.0578590282 105.220246759 33.4947013855 -116.602203369 10.35 48.3276149273 81.8613144521
47.9462013245 -91.495300293 16.65 44.0578590282 105.220246759 36.4671897888 -116.863220215 16.65 45.7476564261 83.3826806141
45.8618011475 -93.5241012573 15.25 45.6384764726 103.236257157 33.0514907837 -114.827056885 18.15 49.5400143288 82.8451311417
45.7587013245 -88.1346969604 -29.95 46.936766261 106.790472688 34.7845687866 -115.659942627 16.75 47.7022815072 83.2336092534
45.2683982849 -90.2005996704 15.95 46.9879715646 105.259072258 34.8293991089 -116.334999084 16.05 47.3481615512 82.8007057833
44.0149002075 -93.4002990723 16.75 47.4552275886 102.69489618 32.6501197815 -116.109481812 19.15 49.2672892634 81.725764263
43.8916015625 -90.6176986694 17.05 48.2512014093 104.55333844 34.1573791504 -115.145126343 17.65 48.4653254336 83.2360198155
43.8908004761 -88.9133987427 17.25 48.6393929381 105.726763395 35.6627807617 -118.474029541 17.85 45.6389439909 81.8543312526
42.9141998291 -90.2481002808 -29.95 49.2987330744 104.50442491 33.714099884 -116.711898804 17.85 48.0928854203 81.9106701386
42.9141998291 -90.2481002808 17.85 49.2987330744 104.50442491 35.4795417786 -117.682121277 16.65 46.1709966028 82.2706611097
42.6472015381 -92.7708969116 14.65 48.9355353955 102.662240942 33.351600647 -116.561500549 18.55 48.4660032879 81.8081810887
42.0628013611 -91.2218017578 30.05 49.8944206802 103.550929963 32.891998291 -116.422302246 19.15 48.915143926 81.6444047859
42.0040016174 -89.6669998169 17.85 50.3320461679 104.630149986 36.0579910278 -117.489013672 17.55 45.7887690634 82.7339427296
42.1781997681 -87.9119033813 18.05 50.5675845388 105.927863465 34.8884811401 -119.813621521 9.25 45.6077476316 80.5137306837
42.0126991272 -86.295501709 16.55 51.0897515585 107.03417778 33.5999908447 -117.195426941 18.45 47.9538008402 81.5147519017
41.3881988525 -88.0431976318 18.05 51.3231227656 105.602156708 34.7675895691 -114.618812561 16.55 48.1981110424 83.9356080457
40.707698822 -90.8552017212 15.55 51.3056622814 103.370214547 34.6144981384 -118.723503113 17.75 46.3724273625 81.0726036538
40.2570991516 -85.1552963257 18.05 53.1070911396 107.38087688 34.3033599854 -114.141517639 14.55 48.8059661408 84.0096282645
37.6935997009 -89.2550964355 16.35 54.655235473 103.568038435 27.3198051453 -112.241012573 18.25 55.6275792368 81.6665368397
41.9068984985 -93.2153015137 30.05 49.5325469773 102.099209096 33.4948005676 -116.602203369 18.55 48.3275326076 81.8613707211
45.2246017456 -92.8037033081 16.25 46.4304270792 103.501511353 34.4837188721 -118.11781311 17.75 46.7767832981 81.400839547
46.1002998352 -89.1369018555 17.35 46.388628241 106.215815715 33.4018974304 -118.415023804 19.55 47.5182835935 80.5696585594
46.6058006287 -91.5541992188 16.65 45.36778148 104.769759992 36.4398803711 -118.080162048 16.05 45.1946672415 82.5684744967
46.3758010864 -86.9953994751 22.85 46.5370391495 107.719878137 34.6374511719 -115.381149292 16.95 47.9547399468 83.3414193969
47.9462013245 -91.495300293 15.85 44.0578590282 105.220246759 34.253528595 -118.333831787 17.85 46.859636393 81.1215904705
47.9462013245 -91.495300293 15.85 44.0578590282 105.220246759 33.6500091553 -117.009468079 18.45 48.0025057689 81.6704903645
45.8618011475 -93.5241012573 22.75 45.6384764726 103.236257157 34.8810997009 -117.993881226 16.65 46.5112796012 81.7152140844
45.7587013245 -88.1346969604 30.05 46.936766261 106.790472688 33.712638855 -118.293807983 18.75 47.3231166733 80.8329670506
45.2683982849 -90.2005996704 22.85 46.9879715646 105.259072258 36.4671897888 -116.863220215 16.65 45.7476564261 83.3826806141
45.0404014587 -85.6570968628 16.75 48.1502046618 108.28237795 33.0514907837 -114.827056885 18.15 49.5400143288 82.8451311417
44.8245010376 -84.6175003052 19.45 48.5649859466 108.943754577 34.7845687866 -115.659942627 16.75 47.7022815072 83.2336092534
44.4696998596 -87.770401001 17.95 48.306822039 106.680014904 36.9960784912 -117.366210938 15.75 45.0779165897 83.3582630948
43.8916015625 -90.6176986694 17.85 48.2512014093 104.55333844 34.8293991089 -116.334999084 16.05 47.3481615512 82.8007057833
43.2382011414 -84.8214035034 19.15 50.1507789897 108.407228551 32.6501197815 -116.109481812 19.15 49.2672892634 81.725764263
42.9141998291 -90.2481002808 30.05 49.2987330744 104.50442491 34.1573791504 -115.145126343 17.65 48.4653254336 83.2360198155
42.9141998291 -90.2481002808 17.15 49.2987330744 104.50442491 35.6627807617 -118.474029541 17.85 45.6389439909 81.8543312526
42.0628013611 -91.2218017578 -29.95 49.8944206802 103.550929963 35.4795417786 -117.682121277 16.65 46.1709966028 82.2706611097
42.0040016174 -89.6669998169 17.05 50.3320461679 104.630149986 33.351600647 -116.561500549 18.55 48.4660032879 81.8081810887
42.0126991272 -86.295501709 22.85 51.0897515585 107.03417778 32.891998291 -116.422302246 19.15 48.915143926 81.6444047859
41.3881988525 -88.0431976318 17.25 51.3231227656 105.602156708 33.5999908447 -117.195426941 18.45 47.9538008402 81.5147519017
40.707698822 -90.8552017212 22.95 51.3056622814 103.370214547 34.2236213684 -118.058319092 18.05 47.0193306353 81.2893998115
40.8801002502 -85.6941986084 17.95 52.3608153557 107.156861876 34.7675895691 -114.618812561 16.55 48.1981110424 83.9356080457
40.3790016174 -87.0967025757 17.05 52.5463412655 105.991675504 33.457698822 -117.170799255 9.35 48.0834498403 81.4501301281
45.2246017456 -92.8037033081 17.15 46.4304270792 103.501511353 33.5518989563 -116.61289978 18.65 48.2750041016 81.8864204717
36.9880981445 -87.1054992676 17.75 55.9044358753 104.972250679 27.3198051453 -112.241012573 18.25 55.6275792368 81.6665368397
46.1002998352 -89.1369018555 16.65 46.388628241 106.215815715 34.3334083557 -118.025848389 18.55 46.9450683151 81.3750980359
47.0605010986 -88.5656967163 16.15 45.5411397231 106.863249907 33.4018974304 -118.415023804 19.55 47.5182835935 80.5696585594
46.6058006287 -91.5541992188 15.75 45.36778148 104.769759992 33.5653991699 -116.737297058 18.55 48.2039480727 81.8086989655
46.3758010864 -86.9953994751 16.65 46.5370391495 107.719878137 36.4398803711 -118.080162048 16.05 45.1946672415 82.5684744967
46.3665008545 -84.3061981201 19.05 47.0304750004 109.521218214 34.6374511719 -115.381149292 16.95 47.9547399468 83.3414193969
47.9462013245 -91.495300293 16.65 44.0578590282 105.220246759 34.253528595 -118.333831787 17.85 46.859636393 81.1215904705
47.9462013245 -91.495300293 16.65 44.0578590282 105.220246759 33.6500091553 -117.009468079 18.45 48.0025057689 81.6704903645
45.7587013245 -88.1346969604 -29.95 46.936766261 106.790472688 34.8810997009 -117.993881226 16.65 46.5112796012 81.7152140844
45.2683982849 -90.2005996704 15.95 46.9879715646 105.259072258 33.4947013855 -116.602203369 10.35 48.3276149273 81.8613144521
45.0404014587 -85.6570968628 23.05 48.1502046618 108.28237795 36.4671897888 -116.863220215 16.65 45.7476564261 83.3826806141
44.8245010376 -84.6175003052 19.05 48.5649859466 108.943754577 33.0514907837 -114.827056885 18.15 49.5400143288 82.8451311417
44.4696998596 -87.770401001 18.45 48.306822039 106.680014904 34.7845687866 -115.659942627 16.75 47.7022815072 83.2336092534
43.8916015625 -90.6176986694 17.05 48.2512014093 104.55333844 35.3017692566 -116.805740356 16.25 46.7349906418 82.7527593438
43.8908004761 -88.9133987427 18.05 48.6393929381 105.726763395 34.8293991089 -116.334999084 16.05 47.3481615512 82.8007057833
43.9399986267 -82.8246002197 17.25 49.8003658148 109.983828626 29.0197525024 -110.949302673 16.35 54.7599790524 83.5196418817
42.9141998291 -90.2481002808 -29.95 49.2987330744 104.50442491 32.6501197815 -116.109481812 19.15 49.2672892634 81.725764263
42.9141998291 -90.2481002808 17.85 49.2987330744 104.50442491 34.1573791504 -115.145126343 17.65 48.4653254336 83.2360198155
42.7043991089 -88.3320007324 18.05 49.9491176811 105.784276507 35.6627807617 -118.474029541 17.85 45.6389439909 81.8543312526
42.0040016174 -89.6669998169 17.85 50.3320461679 104.630149986 35.4795417786 -117.682121277 16.65 46.1709966028 82.2706611097
42.1781997681 -87.9119033813 17.25 50.5675845388 105.927863465 33.351600647 -116.561500549 18.55 48.4660032879 81.8081810887
41.9438018799 -84.4328994751 19.05 51.5487558272 108.353916699 32.891998291 -116.422302246 19.15 48.915143926 81.6444047859
40.8801002502 -85.6941986084 17.15 52.3608153557 107.156861876 33.5999908447 -117.195426941 18.45 47.9538008402 81.5147519017
40.9183006287 -82.3748016357 19.35 53.0095554417 109.596334867 34.7675895691 -114.618812561 16.55 48.1981110424 83.9356080457
40.3790016174 -87.0967025757 17.85 52.5463412655 105.991675504 27.3198051453 -112.241012573 18.25 55.6275792368 81.6665368397
42.3012008667 -83.6567001343 18.95 51.3372196372 109.002522264 33.6551513672 -115.453659058 18.25 48.7404455161 82.7435705358
47.0605010986 -88.5656967163 22.55 45.5411397231 106.863249907 33.4915008545 -116.666999817 18.65 48.2990933999 81.8149679705
46.3665008545 -84.3061981201 18.25 47.0304750004 109.521218214 32.8889007568 -117.105102539 18.75 48.5864924011 81.1702296091
47.9462013245 -91.495300293 15.85 44.0578590282 105.220246759 33.5653991699 -116.737297058 18.55 48.2039480727 81.8086989655
47.9462013245 -91.495300293 15.85 44.0578590282 105.220246759 36.4398803711 -118.080162048 16.05 45.1946672415 82.5684744967
45.7587013245 -88.1346969604 30.05 46.936766261 106.790472688 34.6374511719 -115.381149292 16.95 47.9547399468 83.3414193969
45.2683982849 -90.2005996704 22.85 46.9879715646 105.259072258 34.253528595 -118.333831787 17.85 46.859636393 81.1215904705
45.0404014587 -85.6570968628 16.75 48.1502046618 108.28237795 33.6500091553 -117.009468079 18.45 48.0025057689 81.6704903645
44.8245010376 -84.6175003052 19.45 48.5649859466 108.943754577 34.8810997009 -117.993881226 16.65 46.5112796012 81.7152140844
44.4696998596 -87.770401001 17.95 48.306822039 106.680014904 33.712638855 -118.293807983 18.75 47.3231166733 80.8329670506
43.8908004761 -88.9133987427 17.25 48.6393929381 105.726763395 33.4947013855 -116.602203369 10.35 48.3276149273 81.8613144521
44.0360984802 -86.2348022461 30.05 49.0587845999 107.623517818 36.4671897888 -116.863220215 16.65 45.7476564261 83.3826806141
43.9399986267 -82.8246002197 23.75 49.8003658148 109.983828626 33.0514907837 -114.827056885 18.15 49.5400143288 82.8451311417
43.2382011414 -84.8214035034 18.65 50.1507789897 108.407228551 34.7845687866 -115.659942627 16.75 47.7022815072 83.2336092534
42.7043991089 -88.3320007324 17.45 49.9491176811 105.784276507 36.9960784912 -117.366210938 15.75 45.0779165897 83.3582630948
42.7748985291 -82.6231002808 19.15 51.0441473976 109.857513431 35.3017692566 -116.805740356 16.25 46.7349906418 82.7527593438
42.0126991272 -86.295501709 16.55 51.0897515585 107.03417778 29.0197525024 -110.949302673 16.35 54.7599790524 83.5196418817
41.3881988525 -88.0431976318 18.05 51.3231227656 105.602156708 32.6501197815 -116.109481812 19.15 49.2672892634 81.725764263
41.4034996033 -83.0428009033 19.25 52.3791845166 109.225681213 34.1573791504 -115.145126343 17.65 48.4653254336 83.2360198155
40.8801002502 -85.6941986084 17.95 52.3608153557 107.156861876 33.714099884 -116.711898804 17.85 48.0928854203 81.9106701386
40.9183006287 -82.3748016357 18.65 53.0095554417 109.596334867 33.351600647 -116.561500549 18.55 48.4660032879 81.8081810887
36.5129013062 -85.7796020508 16.35 56.7088707246 105.844284378 27.3198051453 -112.241012573 18.25 55.6275792368 81.6665368397
42.3012008667 -83.6567001343 18.35 51.3372196372 109.002522264 32.6800498962 -116.672149658 18.85 48.9705830746 81.3511602881
40.2318992615 -82.9820022583 19.25 53.5936873341 108.978874255 33.6551513672 -115.453659058 18.25 48.7404455161 82.7435705358
41.6492004395 -80.1447982788 19.65 52.6602036407 111.39876015 34.0005989075 -115.998199463 18.35 48.1954679697 82.5619431687
46.1002998352 -89.1369018555 17.35 46.388628241 106.215815715 33.4915008545 -116.666999817 18.65 48.2990933999 81.8149679705
47.0605010986 -88.5656967163 16.15 45.5411397231 106.863249907 34.3334083557 -118.025848389 18.55 46.9450683151 81.3750980359
46.3758010864 -86.9953994751 22.85 46.5370391495 107.719878137 32.8889007568 -117.105102539 18.75 48.5864924011 81.1702296091
46.3665008545 -84.3061981201 19.05 47.0304750004 109.521218214 33.5653991699 -116.737297058 18.55 48.2039480727 81.8086989655
45.7587013245 -88.1346969604 -29.95 46.936766261 106.790472688 34.6374511719 -115.381149292 16.95 47.9547399468 83.3414193969
45.0404014587 -85.6570968628 23.05 48.1502046618 108.28237795 34.253528595 -118.333831787 17.85 46.859636393 81.1215904705
44.8245010376 -84.6175003052 19.05 48.5649859466 108.943754577 33.6500091553 -117.009468079 18.45 48.0025057689 81.6704903645
44.4696998596 -87.770401001 18.45 48.306822039 106.680014904 34.8810997009 -117.993881226 16.65 46.5112796012 81.7152140844
44.0360984802 -86.2348022461 -29.95 49.0587845999 107.623517818 33.712638855 -118.293807983 18.75 47.3231166733 80.8329670506
43.2382011414 -84.8214035034 19.15 50.1507789897 108.407228551 33.4947013855 -116.602203369 10.35 48.3276149273 81.8613144521
41.9438018799 -84.4328994751 -29.95 51.5487558272 108.353916699 35.3017692566 -116.805740356 16.25 46.7349906418 82.7527593438
41.4393005371 -80.6750030518 19.45 52.786720785 110.96470773 29.0197525024 -110.949302673 16.35 54.7599790524 83.5196418817
40.8801002502 -85.6941986084 17.15 52.3608153557 107.156861876 32.6501197815 -116.109481812 19.15 49.2672892634 81.725764263
40.922000885 -84.1825027466 16.95 52.6411903177 108.271749333 34.1573791504 -115.145126343 17.65 48.4653254336 83.2360198155
40.1879997253 -84.3352966309 18.55 53.3549350691 107.966760652 33.351600647 -116.561500549 18.55 48.4660032879 81.8081810887
35.6693992615 -82.8124008179 18.05 58.2744930446 107.906096419 27.3198051453 -112.241012573 18.25 55.6275792368 81.6665368397
49.4504013062 -82.5078964233 14.35 44.0794228214 111.353081345 43.7486000061 -110.744796753 17.35 42.2400595476 91.2919339379
42.0126991272 -86.295501709 22.85 51.0897515585 107.03417778 37.1995582581 -108.492507935 18.95 48.752769161 89.4359153431
40.8064994812 -80.8376998901 19.25 53.4177789683 110.702961503 29.3341999054 -103.667800903 16.95 57.5892558498 89.2398805049
40.2570991516 -85.1552963257 17.25 53.1070911396 107.38087688 35.1180992126 -109.735702515 19.75 50.0415581902 87.5196307608
40.1879997253 -84.3352966309 17.75 53.3549350691 107.966760652 35.5168991089 -111.373901367 20.05 49.0052183176 86.5786160721
40.2492980957 -81.2128982544 19.15 53.9265724228 110.296190116 33.9370002747 -106.965202332 19.65 52.2058393575 88.9186229837
49.4504013062 -82.5078964233 23.65 44.0794228214 111.353081345 43.6124000549 -110.603797913 17.25 42.4097794006 91.3085979736
41.4393005371 -80.6750030518 18.95 52.786720785 110.96470773 37.1995582581 -108.492507935 18.95 48.752769161 89.4359153431
40.2492980957 -81.2128982544 18.35 53.9265724228 110.296190116 29.3341999054 -103.667800903 16.95 57.5892558498 89.2398805049
39.4818000793 -83.0600967407 18.95 54.3448603929 108.73004049 35.1180992126 -109.735702515 19.75 50.0415581902 87.5196307608
39.4835014343 -78.0126037598 -29.95 55.3171257077 112.528079808 33.9370002747 -106.965202332 19.65 52.2058393575 88.9186229837
42.3012008667 -83.6567001343 18.95 51.3372196372 109.002522264 32.5323982239 -107.785102844 16.75 53.0951103248 87.6349747077
49.4504013062 -82.5078964233 14.35 44.0794228214 111.353081345 43.6124000549 -110.603797913 17.25 42.4097794006 91.3085979736
41.4393005371 -80.6750030518 19.45 52.786720785 110.96470773 37.1995582581 -108.492507935 18.95 48.752769161 89.4359153431
40.1820983887 -80.3777999878 19.25 54.1545676645 110.902743732 29.3341999054 -103.667800903 16.95 57.5892558498 89.2398805049
39.4868011475 -81.3896026611 30.05 54.6818403779 109.983014007 35.1180992126 -109.735702515 19.75 50.0415581902 87.5196307608
38.9622001648 -82.2668991089 -29.95 55.0431078683 109.193541332 33.9370002747 -106.965202332 19.65 52.2058393575 88.9186229837
41.6492004395 -80.1447982788 19.35 52.6602036407 111.39876015 32.5323982239 -107.785102844 16.75 53.0951103248 87.6349747077
44.6197013855 -74.582901001 19.15 50.2407872692 115.923155779 37.1995582581 -108.492507935 18.95 48.752769161 89.4359153431
40.2492980957 -81.2128982544 19.15 53.9265724228 110.296190116 29.3341999054 -103.667800903 16.95 57.5892558498 89.2398805049
41.082901001 -74.6055984497 20.25 54.1257491284 115.384621117 35.1180992126 -109.735702515 19.75 50.0415581902 87.5196307608
39.6734008789 -74.7919006348 19.85 55.6368445283 115.006578406 33.9370002747 -106.965202332 19.65 52.2058393575 88.9186229837
43.3843002319 -73.6678009033 18.95 51.7057668747 116.413090607 32.5323982239 -107.785102844 16.75 53.0951103248 87.6349747077
40.8602981567 -73.8852005005 18.15 54.4666793314 115.887486376 26.9368076324 -105.664024353 17.35 58.8903751544 86.5688664121
41.7261199951 -73.4842529297 18.85 53.5629068624 116.316667612 37.1995582581 -108.492507935 18.95 48.752769161 89.4359153431
39.6581001282 -79.8455963135 19.15 54.80153084 111.183109467 29.3341999054 -103.667800903 16.95 57.5892558498 89.2398805049
40.9313011169 -73.4676971436 18.55 54.4429671737 116.211037573 35.1180992126 -109.735702515 19.75 50.0415581902 87.5196307608
43.9734687805 -74.2230682373 -29.95 50.9932807782 116.092775703 35.5168991089 -111.373901367 20.05 49.0052183176 86.5786160721
41.7545890808 -74.1435394287 19.55 53.4496395751 115.833154762 33.9370002747 -106.965202332 19.65 52.2058393575 88.9186229837
43.3843002319 -73.6678009033 17.05 51.7057668747 116.413090607 32.5323982239 -107.785102844 16.75 53.0951103248 87.6349747077
42.731300354 -76.5162963867 18.95 52.0706686967 114.251616263 33.9696006775 -102.772399902 14.65 53.8074803202 92.0158289295
42.6651000977 -72.2344970703 18.65 52.658649121 117.362757177 37.1995582581 -108.492507935 18.95 48.752769161 89.4359153431
44.2401008606 -71.9259033203 18.55 50.9194837752 117.766750175 39.1776008606 -106.973899841 17.85 47.6200997365 91.4488153316
41.4686012268 -78.7649002075 19.15 53.0842058038 112.373560255 29.3341999054 -103.667800903 16.95 57.5892558498 89.2398805049
41.4038009644 -72.0464019775 -28.75 54.0898527062 117.339987319 35.1180992126 -109.735702515 19.75 50.0415581902 87.5196307608
40.9313011169 -73.4676971436 16.45 54.4429671737 116.211037573 33.9370002747 -106.965202332 19.65 52.2058393575 88.9186229837
43.3843002319 -73.6678009033 18.95 51.7057668747 116.413090607 32.5323982239 -107.785102844 16.75 53.0951103248 87.6349747077
43.2760009766 -76.8579025269 17.15 51.4346080447 114.096807234 33.9696006775 -102.772399902 14.65 53.8074803202 92.0158289295
43.4099006653 -75.9968032837 17.65 51.4025065757 114.738169134 37.1995582581 -108.492507935 18.95 48.752769161 89.4359153431
42.6651000977 -72.2344970703 23.95 52.658649121 117.362757177 38.964099884 -105.149200439 18.55 48.4855817564 92.5962689729
42.1365013123 -77.55909729 17.85 52.5617453777 113.386859143 39.1776008606 -106.973899841 17.85 47.6200997365 91.4488153316
41.9359016418 -70.8391036987 19.55 53.619033149 118.303134861 29.3341999054 -103.667800903 16.95 57.5892558498 89.2398805049
44.6197013855 -74.582901001 16.75 50.2407872692 115.923155779 35.1180992126 -109.735702515 19.75 50.0415581902 87.5196307608
41.3372001648 -77.1279983521 17.45 53.4848190868 113.555585632 33.9370002747 -106.965202332 19.65 52.2058393575 88.9186229837
43.3843002319 -73.6678009033 17.05 51.7057668747 116.413090607 32.5323982239 -107.785102844 16.75 53.0951103248 87.6349747077
44.8349990845 -73.5883026123 18.35 50.102270777 116.653257292 39.7997016907 -105.61340332 18.75 47.5774676281 92.6702310863
42.506401062 -71.5582962036 -27.55 52.904962071 117.839148072 33.9696006775 -102.772399902 14.65 53.8074803202 92.0158289295
43.8742980957 -71.335899353 19.35 51.3825747363 118.151437147 37.1995582581 -108.492507935 18.95 48.752769161 89.4359153431
44.0504989624 -70.5809020996 -26.55 51.2434069297 118.710948996 40.8946990967 -105.944000244 17.05 46.4911533798 92.9642837489
43.4646987915 -74.5040969849 19.55 51.5234251035 115.820884889 38.964099884 -105.149200439 18.55 48.4855817564 92.5962689729
42.449798584 -72.6801986694 18.55 52.8520061074 117.008914696 29.3341999054 -103.667800903 16.95 57.5892558498 89.2398805049
44.2401008606 -71.9259033203 17.15 50.9194837752 117.766750175 35.1180992126 -109.735702515 19.75 50.0415581902 87.5196307608
40.5987014771 -75.3718032837 19.45 54.5452689338 114.730429482 33.9370002747 -106.965202332 19.65 52.2058393575 88.9186229837
43.3843002319 -73.6678009033 18.95 51.7057668747 116.413090607 32.5323982239 -107.785102844 16.75 53.0951103248 87.6349747077
40.6826934814 -74.5657424927 20.05 54.5688856873 115.348971943 34.8837013245 -101.680801392 16.25 53.3897763012 93.2292611704
44.5742988586 -71.1558990479 -26.95 50.604660415 118.349011806 39.7997016907 -105.61340332 18.75 47.5774676281 92.6702310863
43.3602981567 -75.2852020264 -29.95 51.5455012331 115.242795654 33.9696006775 -102.772399902 14.65 53.8074803202 92.0158289295
43.4646987915 -74.5040969849 16.95 51.5234251035 115.820884889 37.1995582581 -108.492507935 18.95 48.752769161 89.4359153431
42.449798584 -72.6801986694 16.95 52.8520061074 117.008914696 38.964099884 -105.149200439 18.55 48.4855817564 92.5962689729
44.6197013855 -74.582901001 19.15 50.2407872692 115.923155779 41.6888999939 -107.210197449 14.35 45.3343015413 92.5078412132
40.9313011169 -73.4676971436 18.55 54.4429671737 116.211037573 29.3341999054 -103.667800903 16.95 57.5892558498 89.2398805049
41.7545890808 -74.1435394287 16.65 53.4496395751 115.833154762 35.1180992126 -109.735702515 19.75 50.0415581902 87.5196307608
45.2644004822 -69.2917022705 18.25 49.9375749702 119.7235936 33.9370002747 -106.965202332 19.65 52.2058393575 88.9186229837
41.9359016418 -70.8391036987 24.65 53.619033149 118.303134861 33.9696006775 -102.772399902 14.65 53.8074803202 92.0158289295
44.2401008606 -71.9259033203 18.55 50.9194837752 117.766750175 37.1995582581 -108.492507935 18.95 48.752769161 89.4359153431
43.9536705017 -72.9917526245 18.55 51.1422911544 116.971693139 41.3016014099 -105.457702637 -9.55 46.3051958923 93.4798352108
45.2644004822 -69.2917022705 17.55 49.9375749702 119.7235936 38.964099884 -105.149200439 18.55 48.4855817564 92.5962689729
